0 0.8584073464102069
1 0.8584073464102069
2 0.8584073464102069
3 0.14159265358979312
4 0.05840734641020706
5 0.19174067974354037
6 0.28697877498163527
7 0.3584073464102069
8 0.41396290196576224
9 0.05840734641020706
10 0.1311346191374798
11 0.19174067974354037
12 0.24302273102559147
13 0.28697877498163527
14 0.05840734641020706
15 0.14159265358979312
16 0.08276912417802862
17 0.030481542478681956
18 0.016302083252312194
19 0.05840734641020706
20 0.09397360597074567
21 0.23250174449888394
22 0.18507091445935853
23 0.30825932025645963
24 0.2615926535897932
25 0.2185157305128702
26 0.17862969062683032
27 0.14159265358979312
28 0.24504092945186207
29 0.20825932025646
30 0.17385071810592212
31 0.2665926535897931
32 0.23250174449888394
33 0.2004161830015576
34 0.17016408216122159
35 0.14159265358979312
36 0.11456562656276592
37 0.08896107464242453
38 0.06466957666671602
39 0.04159265358979303
40 0.019641434077597886
41 0.09397360597074567
42 0.16484846754328153
43 0.14159265358979312
44 0.20825932025646
45 0.18507091445935853
46 0.1628692493344741
47 0.2249259869231266
48 0.20281714338571133
49 0.18159265358979315
50 0.16120049672704795
51 0.14159265358979312
52 0.12272472906149101
53 0.17862969062683032
54 0.1597744717716112
55 0.14159265358979312
56 0.12404879394067025
57 0.10710989496910361
58 0.09074519596267461
59 0.07492598692312624
60 0.05962544047503915
61 0.044818460041406105
62 0.030481542478681956
63 0.016592653589793116
64 0.0031311151282547023
65 0.009922497925358265
66 0.022586450887818632
67 0.023945594766263678
68 0.011157870981097329
69 0.0012644892673496777
70 0.0430011042940186
71 0.030481542478681956
72 0.07309950290486178
73 0.060511572508711975
74 0.04825932025645985
75 0.03632949569505639
76 0.024709536706676083
77 0.013387525384664922
78 0.002352147260679338
79 0.008407346410206795
80 0.030481542478681956
81 0.019641434077597886
82 0.009062533107865534
83 0.0012644892673496777
84 0.01134852288079502
85 0.021198044084625334
86 0.030821139513655282
87 0.04022552822838854
88 0.049418582365262864
89 0.013962901965762331
90 0.023242511245371578
91 0.03232038988846764
92 0.041203045334937904
93 0.04989670811233449
94 0.05840734641020706
95 0.06674067974354037
96 0.03366507836896959
97 0.04208081579796197
98 0.05032653832939893
99 0.05840734641020706
100 0.06632813848941499
101 0.07409362092001093
102 0.08170831728399319
103 0.08917657717943772
104 0.09650258450544502
105 0.10369036527813158
106 0.11074379500833764
107 0.0806295686324292
108 0.08776514457534468
109 0.05840734641020706
110 0.0656145536174142
111 0.0726930606959213
112 0.04424805437480872
113 0.016302083252312194
114 0.023624737714554644
115 0.030821139513655282
116 0.03789452589738618
117 0.044848024376308526
118 0.018071211956425248
119 0.025074013076873403
120 0.031961065418471435
121 0.005948330016764203
122 0.01287889112565388
123 0.012560395525277102
124 0.037592653589793024
125 0.030481542478681956
126 0.023482417369320885
127 0.047842653589793116
128 0.040817459791343325
129 0.03390034589748536
130 0.02708883679590013
131 0.02038053237767201
132 0.013773104717612838
133 0.007264295380837726
134 0.030481542478681956
135 0.023945594766263678
136 0.017505062348917022
137 0.011157870981097329
138 0.004902006107778689
139 0.0012644892673496777
140 0.007343516622972945
141 0.01333692387499541
142 0.008725520722660196
143 0.0027037647009042765
144 0.003234932617103503
145 0.009092277917056357
146 0.012340952909521086
147 0.006457518454658029
148 0.0006530562743569668
149 0.005074013076873385
150 0.010725227204908983
151 0.016302083252312194
152 0.004337751629008846
153 0.0012644892673496777
154 0.019012008428502813
155 0.013387525384664922
156 0.007834691806353433
157 0.002352147260679338
158 0.0030614344605215393
159 0.008407346410206795
160 0.013686849515797128
161 0.018901173570700536
162 0.02405151818934792
163 0.029139053727280206
164 0.009922497925358265
165 0.01503385243430344
166 0.020083993116793764
167 0.025074013076873403
168 0.03000497954630177
169 0.03487793464550082
170 0.03969389611780905
171 0.04445385803811375
172 0.04915879149691227
173 0.05380964526078147
174 0.05840734641020706
175 0.04022552822838854
176 0.044848024376308526
177 0.049418582365262864
178 0.053938072667190085
179 0.05840734641020706
180 0.04072778839915703
181 0.04522053322339348
182 0.04966417701129977
183 0.05405952032325034
184 0.03678572478858522
185 0.041203045334937904
186 0.04557312181127626
187 0.04989670811233449
188 0.054174542177402696
189 0.05840734641020706
190 0.0625958280855996
191 0.06674067974354037
192 0.07084257957082851
193 0.07490219177103175
194 0.0789201669230275
195 0.08289714232857426
196 0.08683374234929309
197 0.09073057873343915
198 0.09458825093281975
199 0.0984073464102071
200 0.08228794342513224
201 0.08613011868743481
202 0.08993444000626605
203 0.09370146405726576
204 0.09743173665410954
205 0.10112579301214852
206 0.10478415800440999
207 0.08917657717943772
208 0.09285710717575713
209 0.09650258450544502
210 0.1001135075476478
211 0.10369036527813158
212 0.10723363749001891
213 0.09205220622329113
214 0.09561664873578835
215 0.0991480871509478
216 0.10264697774661258
217 0.10611376842855558
218 0.09128405873897405
219 0.09477098277384322
220 0.08012680342378165
221 0.0656145536174142
222 0.06916967824877185
223 0.0726930606959213
224 0.07618512418798451
225 0.07964628446330435
226 0.08307694993443615
227 0.06893366219968078
228 0.0549138966285474
229 0.05840734641020706
230 0.06187054987341023
231 0.06530389813434478
232 0.05154039362050744
233 0.054988542991403655
234 0.05840734641020706
235 0.06179717691868136
236 0.06515840126252748
237 0.0684913800236524
238 0.055060066075478975
239 0.04174067974354001
240 0.04512933811145148
241 0.04848999103830609
242 0.05182298427028931
243 0.05512865788561694
244 0.05840734641020706
245 0.06165937893053197
246 0.06488507920372921
247 0.06808476576504541
248 0.07125875203269683
249 0.05840734641020706
250 0.06159459740622264
251 0.04888353688639757
252 0.05208323573827034
253 0.05525774011099438
254 0.04272107190040275
255 0.045907346410206884
256 0.049068825009428885
257 0.052205796022609885
258 0.055318543321403624
259 0.04302273102559129
260 0.04614681001173926
261 0.04924704106669564
262 0.05232369622009303
263 0.05537704337990368
264 0.05840734641020706
265 0.0614148652071993
266 0.0643998557735026
267 0.06736257029080406
268 0.07030325719087616
269 0.07322216122502168
270 0.07611952353197804
271 0.06428969935138351
272 0.06719855520141582
273 0.055487638381009674
274 0.05840734641020706
275 0.06130589713484458
276 0.06418351969540526
277 0.05265195072675377
278 0.055539962897662054
279 0.05840734641020706
280 0.06125432149917476
281 0.0640811052754553
282 0.06688791178123177
283 0.06967495204400986
284 0.05840734641020706
285 0.06120454920740981
286 0.06398225930219281
287 0.052851790854651526
288 0.04179834987041442
289 0.04461424296193117
290 0.03366507836896959
291 0.036489538191028625
292 0.039294718423858566
293 0.028475373621091205
294 0.031288702342410435
295 0.020569508572369166
296 0.02339051139337167
297 0.012769762517589545
298 0.0022200554403073447
299 0.005074013076873385
300 0.005380029005075393
301 0.0025198059076738666
302 0.0003215378293486282
303 0.0031441885154701588
304 0.005948330016764203
305 0.008734143795827709
306 0.0015275070099884935
307 0.0012644892673496777
308 0.004038414371371868
309 0.006794443184400478
310 0.009532748339467378
311 0.0005670125641521473
312 0.002177314461325075
313 0.004904161696831277
314 0.007613695616556004
315 0.002352147260679338
316 0.000363182372352
317 0.009517181891679716
318 0.019335600298257205
319 0.029092653589793294
320 0.038788915272036206
321 0.036002591477991785
322 0.03323352046285821
323 0.030481542478681956
324 0.04005419205133176
325 0.04956811371249259
326 0.059023846250343404
327 0.056226799931256455
328 0.053446756933257955
329 0.05068356268070229
330 0.060021656610941054
331 0.057255304192202594
332 0.05450556650270588
333 0.05177229430835606
334 0.04905534015695734
335 0.04635455835169777
336 0.04366980492510475
337 0.05283525714008919
338 0.05014722586117948
339 0.04747500653096948
340 0.044818460041406105
341 0.04217744891143038
342 0.03955183726326261
343 0.036941490799095256
344 0.03434627677819879
345 0.031766063994417504
346 0.029200722754058273
347 0.02665012485416085
348 0.024114143561139834
349 0.02159265358979301
350 0.019085531082670748
351 0.016592653589793116
352 0.014113900048716488
353 0.011649150764934557
354 0.020465893026412996
355 0.017997147971815508
356 0.015542233421725893
357 0.013101033478061463
358 0.02181549481541989
359 0.019370431367570884
360 0.01693891397760483
361 0.01452083038537344
362 0.012116069567754462
363 0.009724521721661272
364 0.007346078247327359
365 0.004980631731869689
366 0.002628075933117202
367 0.0002883057637061981
368 0.00203878272456981
369 0.0043532923561526715
370 0.004126346312165019
371 0.0018077073532341004
372 0.0004984992252201614
373 0.0027923731481749314
374 0.005074013076873385
375 0.003294781249367773
376 0.0010090992131353005
377 0.0012644892673496777
378 0.0035260799194416492
379 0.005775767462838477
380 0.008013645622805488
381 0.010239807143191282
382 0.012454343799241041
383 0.004240679743540365
384 0.006459294462155096
385 0.008666413767719927
386 0.010862126771963965
387 0.00273724331742331
388 0.00493690939221203
389 0.0031311151282547023
390 0.0009276919529646044
391 0.0012644892673496777
392 0.00344551434913809
393 0.00561546823761816
394 0.0077744350178017285
395 0.009922497925358265
396 0.001984172606680268
397 0.004135989626287362
398 0.003748042060971013
399 0.011592653589793223
400 0.00942307752994287
401 0.01721454413705681
402 0.015041785103440564
403 0.012879782302664289
404 0.010728456058929137
405 0.008587727481418561
406 0.006457518454658029
407 0.004337751629008846
408 0.002228350411308977
409 0.0001292389556466489
410 0.001959657845730156
411 0.005670323492705798
412 0.0035781257447569104
413 0.0014960352323050152
414 0.0005760211090022338
415 0.0026381156409760464
416 0.00469032003130998
417 0.00283667272854915
418 0.0007811977425378203
419 0.0012644892673496777
420 0.00330045804916157
421 0.005326777689827811
422 0.007343516622972945
423 8.32196275291075e-05
424 0.0019367581749127893
425 0.003947252513493371
426 0.005948330016764203
427 0.007940056690580732
428 0.009922497925358265
429 0.011895718503230235
430 0.013859782605102566
431 0.015814753817614324
432 0.017760695139998894
433 0.019697668990851902
434 0.02162573721480454
435 0.023544961089105865
436 0.025455401330115368
437 0.027357118099704536
438 0.020138553699500683
439 0.022043710046570464
440 0.014869931444220441
441 0.016778387134188666
442 0.018678226771380757
443 0.020569508572369166
444 0.022452290230431604
445 0.015358019055946581
446 0.017244035448238382
447 0.01912163212449247
448 0.02099086534116479
449 0.022851790854651277
450 0.024704463926836784
451 0.026548939330560906
452 0.028385271355019448
453 0.021402941123863428
454 0.014451302454162818
455 0.016302083252312194
456 0.018144764353313914
457 0.01997939881195343
458 0.013091442270773523
459 0.014929085540641651
460 0.01675875638851476
461 0.01858050658336685
462 0.0203943874469239
463 0.022200449858482685
464 0.02399874425966919
465 0.025789320659133974
466 0.027572228637187557
467 0.02934751735037766
468 0.03111523553600648
469 0.03287543151658978
470 0.03462815320426227
471 0.03637344810512211
472 0.03811136332352616
473 0.03984194556632481
474 0.03314418851546996
475 0.03487793464550082
476 0.02821866716492405
477 0.029955463565018547
478 0.03168500820561393
479 0.033407346410206706
480 0.026806514809375237
481 0.028531827738007554
482 0.030249996513726618
483 0.031961065418471435
484 0.03366507836896959
485 0.035362078920495144
486 0.03705211027057631
487 0.03873521526266588
488 0.03223147728955267
489 0.03391755049183942
490 0.03559675577884214
491 0.037269135028092926
492 0.0389347297773468
493 0.0405935812280207
494 0.042245730248590796
495 0.035826701248916404
496 0.029433503351856682
497 0.031098109462415646
498 0.032756043804996526
499 0.03440734641020704
500 0.03605205698904923
501 0.03769021493610314
502 0.03932185933267229
503 0.04094702894988922
504 0.042565762251791206
505 0.04417809739834899
506 0.04578407224847103
507 0.0473837243629629
508 0.04111854483849786
509 0.04272107190040275
510 0.044317326840735305
511 0.038094846410206884
512 0.03969389611780905
513 0.04128672384211329
514 0.04287336582768253
515 0.04445385803811375
516 0.046028236158756286
517 0.04759653559939592
518 0.04145166240249987
519 0.04302273102559129
520 0.044587768675082184
521 0.04614681001173926
522 0.047699889431239484
523 0.04924704106669564
524 0.0507882987911592
525 0.05232369622009303
526 0.053853266713812076
527 0.04780128580414633
528 0.04933362240264527
529 0.05086017659888631
530 0.05238098106180766
531 0.05389606821471826
532 0.0479007798060791
533 0.041927945661142996
534 0.0434540753821695
535 0.04497451058931157
536 0.046489283095495715
537 0.0405634802392032
538 0.04208081579796197
539 0.043592531595392
540 0.037704943452720574
541 0.03921915452828806
542 0.04072778839915703
543 0.04223087582197138
544 0.043728447327638253
545 0.04522053322339348
546 0.03939454933525255
547 0.04088909823502451
548 0.04237820251221036
549 0.0365891645920251
550 0.03808066764432683
551 0.03232038988846764
552 0.03381421801960993
553 0.028082436662914656
554 0.029578517581378083
555 0.03106921691380382
556 0.025373235099614533
557 0.0268661277722142
558 0.028353679147237187
559 0.029835917838778148
560 0.03131287225690915
561 0.032784570609495134
562 0.02714624516686781
563 0.028620112367653494
564 0.03008876233941038
565 0.03155222273529512
566 0.03301052101338131
567 0.034463684438375886
568 0.028881863106164918
569 0.02331962711196134
570 0.01777687355556612
571 0.019246507249367717
572 0.020711011331672857
573 0.022170412612297685
574 0.01666821597542434
575 0.018129568632429205
576 0.019585855942269248
577 0.01411668897076046
578 0.015574876634731893
579 0.010131484341241226
580 0.011591511642564889
581 0.013046521667938737
582 0.01449654023524971
583 0.015941592985549313
584 0.017381705384565738
585 0.018816902724200002
586 0.020247210124005655
587 0.021672652532656045
588 0.023093254729392054
589 0.024509041325460945
590 0.025920036765537002
591 0.027326265329125743
592 0.028727751131960577
593 0.030124518127378597
594 0.031516590107685705
595 0.03290399070550887
596 0.03428674339513149
597 0.03566487149381903
598 0.037038398163128594
599 0.03174067974354022
600 0.03311616504581405
601 0.02784256235705085
602 0.02921995005863165
603 0.030592776873783034
604 0.031961065418471435
605 0.03332483815938181
606 0.034684117415149096
607 0.03603892535757547
608 0.037389284012834256
609 0.03217783821348563
610 0.03353009600104162
611 0.03487793464550082
612 0.03622137577399176
613 0.03756044087274768
614 0.038895151288255825
615 0.03373202173488199
616 0.03506861059173039
617 0.036400873918297716
618 0.03772883267838134
619 0.03905250770052948
620 0.0403719196791279
621 0.04168708917548036
622 0.04299803661887447
623 0.044304782307642565
624 0.045607346410206695
625 0.04690574896611732
626 0.04182042456012702
627 0.04312072220638541
628 0.038057584883974815
629 0.03935972736258764
630 0.040657742606720504
631 0.04195165020767533
632 0.04324146963295572
633 0.04452722022724176
634 0.039509708614931416
635 0.040797283517125305
636 0.04208081579796197
637 0.043360324466633404
638 0.044635828413336576
639 0.045907346410206884
640 0.04717489711223477
641 0.04843849905818187
642 0.04969817067148208
643 0.05095393026113859
644 0.052205796022609885
645 0.05345378603868989
646 0.05469791828037707
647 0.05593821060773774
648 0.051011352573535174
649 0.05225350025636066
650 0.05349183181727302
651 0.048591395489961275
652 0.049831542428583564
653 0.044951688917852284
654 0.046193605952191685
655 0.04133417567849973
656 0.04257781825191165
657 0.04381768075671166
658 0.045053780401102195
659 0.04628613428899486
660 0.04751475942079697
661 0.042697376621687155
662 0.043927708401156895
663 0.03913023797647197
664 0.03434719603426695
665 0.029578517581378083
666 0.024824138014404973
667 0.026072017068889508
668 0.02133709229959413
669 0.022586450887818632
670 0.017870833742546832
671 0.01912163212449247
672 0.02036871342357971
673 0.02161209418468779
674 0.022851790854651277
675 0.024087819782987907
676 0.02532019722261447
677 0.026548939330560906
678 0.027774062168675062
679 0.02899558170432437
680 0.030213513811087722
681 0.03142787426944427
682 0.03263867876745419
683 0.033845942901435055
684 0.029210266118236294
685 0.03041900821778709
686 0.03162423141748505
687 0.03282595106136954
688 0.034024182404401415
689 0.02942183916383012
690 0.030621528754635197
691 0.03181775103448414
692 0.03301052101338131
693 0.03419985361481803
694 0.0353857636763939
695 0.03656826595043672
696 0.03774737510461135
697 0.03319244669673971
698 0.03437301164625817
699 0.029835917838778148
700 0.03101790275828087
701 0.02649851450137497
702 0.027681884105797305
703 0.028861891864752298
704 0.030038552083965886
705 0.025546156608507342
706 0.02672417809337535
707 0.02789887183393569
708 0.02907025191091206
709 0.030238332325700057
710 0.03140312700092407
711 0.03256464978099327
712 0.03372291443264741
713 0.03487793464550082
714 0.03602972403258464
715 0.037178296130877087
716 0.03832366440183854
717 0.039465842231933834
718 0.04060484293315536
719 0.04174067974354001
720 0.04287336582768253
721 0.04400291427724268
722 0.04512933811145148
723 0.04072778839915703
724 0.041855622272275905
725 0.04298034916502802
726 0.0385999186247874
727 0.039726027728888
728 0.04084904737042638
729 0.041968990245823345
730 0.043085868982026376
731 0.04419969613698305
732 0.0453104842001113
733 0.04641824559276797
734 0.047522992668710184
735 0.048624737714554556
736 0.04972349295023415
737 0.0508192705294479
738 0.05191208254011226
739 0.05300194100480127
740 0.054088857881192
741 0.05517284506249798
742 0.05625391437790528
743 0.057332077593002406
744 0.05840734641020706
745 0.05947973246918803
746 0.06054924734728839
747 0.056268308977051706
748 0.05733925562249009
749 0.05307401307687343
750 0.04882012936626534
751 0.04457755917616435
752 0.04565834242614297
753 0.046736258877050574
754 0.04781131992014087
755 0.04888353688639757
756 0.04995292104693094
757 0.05101948361337305
758 0.05208323573827034
759 0.05314418851546998
760 0.054202352980508905
761 0.05525774011099438
762 0.05631036082698282
763 0.05736022599135859
764 0.05840734641020706
765 0.05945173283318317
766 0.06049339595388359
767 0.061532346410206884
768 0.06256859478471943
769 0.06360215160501204
770 0.06463302734405918
771 0.06566123242056943
772 0.06668677719934024
773 0.06770967199160216
774 0.06872992705536829
775 0.06459291342051632
776 0.0656145536174142
777 0.06663356748989857
778 0.0676499651521838
779 0.06866375666661728
780 0.06967495204400986
781 0.07068356124396669
782 0.07168959417521314
783 0.0726930606959213
784 0.07369397061402871
785 0.07469233368756045
786 0.0706055675029642
787 0.07160531595335407
788 0.06753282169537789
789 0.06853392868868768
790 0.06953250443801995
791 0.07052855853141882
792 0.07152210050856755
793 0.07251313986108832
794 0.07350168603284857
795 0.06946262279211624
796 0.07045251579540146
797 0.07143992786384112
798 0.06741861049030717
799 0.06340734641020696
800 0.0643998557735026
801 0.06538989005110452
802 0.06139613844009473
803 0.06238744591269452
804 0.0633762905095856
805 0.06436268139779999
806 0.06534662769893052
807 0.06632813848941499
808 0.06730722280081247
809 0.06828388962008347
810 0.06432596539910929
811 0.06530389813434478
812 0.06627942513099416
813 0.06725255525541574
814 0.0682232973304524
815 0.06428969935138351
816 0.06526169157544537
817 0.06623130729040261
818 0.06719855520141582
819 0.06816344397118268
820 0.0642538750338364
821 0.06035381842967169
822 0.061323506799028316
823 0.06229084155583786
824 0.06325583125869194
825 0.06421848442473488
826 0.060342050158695315
827 0.06130589713484458
828 0.062267418786563944
829 0.0632266235186405
830 0.06418351969540526
831 0.06513811564097605
832 0.06609041963949869
833 0.06704043993538678
834 0.06798818473356016
835 0.06893366219968078
836 0.0698768804603862
837 0.07081784760352416
838 0.06698899122546331
839 0.0631692511721118
840 0.064114837492252
841 0.06505817776412615
842 0.06599927998078803
843 0.06693815209741061
844 0.06787480203150853
845 0.06880923766316194
846 0.0697414668352363
847 0.07067149735360312
848 0.07159933698735665
849 0.07252499346903063
850 0.07344847449481318
851 0.07436978772476088
852 0.07528894078300885
853 0.07620594125798208
854 0.07712079670260463
855 0.07336061743824418
856 0.07427665796213212
857 0.07519056319342354
858 0.07610234058948517
859 0.0770119975729977
860 0.07327378078883617
861 0.06954423736148296
862 0.0704583313464755
863 0.06674067974354037
864 0.06765590132350185
865 0.06856900922775866
866 0.06486640062012627
867 0.06117232336873224
868 0.0574867480212542
869 0.05840734641020706
870 0.05932583091078092
871 0.06024220879552811
872 0.06115648730367784
873 0.062068673641328065
874 0.06297877498163551
875 0.059320588419339515
876 0.06023174777850793
877 0.06114083160382888
878 0.06204784697903509
879 0.06295280095566147
880 0.06385570055322631
881 0.06475655275941339
882 0.06565536453025222
883 0.06655214279029753
884 0.06744689443280594
885 0.06833962631991364
886 0.06923034528281136
887 0.07011905812191843
888 0.07100577160705734
889 0.07189049247762247
890 0.0727732274427546
891 0.07365398318150751
892 0.07453276634301753
893 0.07540958354667238
894 0.07628444138227408
895 0.07715734641020688
896 0.0780283051616002
897 0.07889732413849204
898 0.07976440981398891
899 0.0806295686324292
900 0.08149280700954087
901 0.0779195415321583
902 0.07878386911231106
903 0.07522150570224229
904 0.07608690442125665
905 0.07253538173029517
906 0.0734018337310447
907 0.07426637724721141
908 0.0751290185774236
909 0.0715941595970202
910 0.07245784037288505
911 0.07331962711196116
912 0.07417952603780842
913 0.07503754334674939
914 0.0758936852080212
915 0.07674795776391852
916 0.077600367129945
917 0.0784509193949563
918 0.07929962062130569
919 0.08014647684498932
920 0.08099149407578787
921 0.08183467829740865
922 0.07834234099308901
923 0.07918656718942785
924 0.08002896803182846
925 0.08086954943396485
926 0.08170831728399319
927 0.08254527744468954
928 0.083380435753587
929 0.08421379802310991
930 0.08074891461643663
931 0.081583312075443
932 0.07812867545629487
933 0.07896409159221962
934 0.0797977207417575
935 0.0806295686324292
936 0.07719069753080454
937 0.07802355110103854
938 0.07459477985003637
939 0.07542862300595177
940 0.07626069391286361
941 0.07709099821487797
942 0.0779195415321583
943 0.07450904132546121
944 0.07110575910861971
945 0.07193800180132737
946 0.07276848685371284
947 0.07359721982792822
948 0.07020924314361032
949 0.07103892535757517
950 0.07186686270883991
951 0.0726930606959213
952 0.07351752479425722
953 0.07434026045632836
954 0.07516127311177767
955 0.07598056816752896
956 0.0767981510079081
957 0.07761402699475806
958 0.07842820146755836
959 0.0792406797435401
960 0.0800514671178032
961 0.08086056886342918
962 0.08166799023159843
963 0.08247373645170075
964 0.0832778127314504
965 0.08408022425699757
966 0.08488097619304025
967 0.08568007368293395
968 0.0864775218488032
969 0.08727332579165026
970 0.08806749059146313
971 0.08886002130732606
972 0.08965092297752442
973 0.09044020061965252
974 0.09122785923071985
975 0.09201390378725627
976 0.08870417343170134
977 0.08540121144088175
978 0.0861907989127606
979 0.08697877498163553
980 0.08776514457534468
981 0.0885499126016529
982 0.08933308394835526
983 0.09011466348337782
984 0.08683374234929309
985 0.08761627135949679
986 0.08839721469794748
987 0.08512799418348616
988 0.08590987421607155
989 0.08264977065263102
990 0.08343257345359723
991 0.08421379802310991
992 0.08096525174756852
993 0.0817473866516556
994 0.08252794942528219
995 0.08330694480378131
996 0.08007234139516184
997 0.08085223618976611
998 0.0816305696334303
999 0.08240734641020708
1000 0.08318257118543171
1001 0.08395624860581563
1002 0.08472838329953891
1003 0.08151491613132222
1004 0.08228794342513224
1005 0.08305943388535608
1006 0.08382939209044515
1007 0.0806295686324292
1008 0.0814004088482645
1009 0.08216972264783085
1010 0.0829375145605531
1011 0.0797512199279935
1012 0.0805198834289631
1013 0.07734225765281044
1014 0.07811177990774398
1015 0.07887978735508883
1016 0.07964628446330435
1017 0.08041127568329154
1018 0.08117476544847957
1019 0.08193675817491286
1020 0.08269725826133323
1021 0.08345627008926737
1022 0.08421379802310991
1023 0.08496984641020688
1024 0.08182198055654855
1025 0.08257888637122068
1026 0.08333431817262182
1027 0.08408828026234705
1028 0.08484077692527014
1029 0.08559181242962444
1030 0.0863413910270836
1031 0.0870895169528425
1032 0.08783619442569579
1033 0.08858142764811783
1034 0.0893252208063422
1035 0.09006757807043853
1036 0.09080850359439196
1037 0.09154800151618003
1038 0.09228607595784899
1039 0.09302273102559155
1040 0.09375797080982284
1041 0.09065302779216466
1042 0.09138912972756064
1043 0.08829240388147142
1044 0.08902935597958495
1045 0.089764898991469
1046 0.08667859760409424
1047 0.0874149799979933
1048 0.08814995842164652
1049 0.08888353688639716
1050 0.08961571938832291
1051 0.09034650990830562
1052 0.08727724194676911
1053 0.08800886443677225
1054 0.0887390999647093
1055 0.08946795247081285
1056 0.08641113070538209
1057 0.08714080576748495
1058 0.08409195453107543
1059 0.08482244074982948
1060 0.08555154999173364
1061 0.08627928614655334
1062 0.08700565308941677
1063 0.08773065468088337
1064 0.08845429476701439
1065 0.08917657717943772
1066 0.08989750573541766
1067 0.09061708423792236
1068 0.08759350169552027
1069 0.08831388846628174
1070 0.08903292997696699
1071 0.08975062999229655
1072 0.0867391264661248
1073 0.08373323095396845
1074 0.08445385803811378
1075 0.08517314566671264
1076 0.0821770771437258
1077 0.08289714232857426
1078 0.07990873658629605
1079 0.07692586492872522
1080 0.0776487895184399
1081 0.07467352016251727
1082 0.075397189438831
1083 0.07611952353197804
1084 0.07684052613370929
1085 0.07756020092217764
1086 0.07459869875611291
1087 0.07531911111608913
1088 0.07603820040469733
1089 0.07675597026341796
1090 0.07747242432038082
1091 0.07818756619042677
1092 0.0789013994751655
1093 0.07595762063324152
1094 0.07667218659285524
1095 0.07738544859998786
1096 0.0780974102205989
1097 0.07880807500765696
1098 0.07951744650119874
1099 0.08022552822838858
1100 0.08093232370357661
1101 0.08163783642835565
1102 0.08234206989162107
1103 0.07942183916382994
1104 0.07650689392151921
1105 0.07721385635595723
1106 0.0779195415321583
1107 0.07862395290840185
1108 0.07932709393049553
1109 0.0764253644282249
1110 0.07712921859742572
1111 0.07783180684186153
1112 0.07853313257372907
1113 0.07923319919297178
1114 0.07993201008733708
1115 0.0806295686324292
1116 0.08132587819176473
1117 0.08202094211682587
1118 0.08271476374711462
1119 0.08340734641020697
1120 0.08409869342180354
1121 0.08478880808578637
1122 0.08547769369426739
1123 0.08616535352764476
1124 0.08685179085465133
1125 0.08753700893240923
1126 0.08822101100648005
1127 0.08890380031091594
1128 0.08958538006831152
1129 0.09026575348985277
1130 0.08740823058350466
1131 0.08808932520879331
1132 0.08876921754877687
1133 0.08592057392343433
1134 0.08660117900932596
1135 0.08375945908626337
1136 0.08444076769428799
1137 0.08160594043481151
1138 0.08228794342513224
1139 0.08296874991897862
1140 0.08364836306226664
1141 0.08432678598989174
1142 0.08150445927109917
1143 0.08218357018643063
1144 0.08286149488182248
1145 0.08353823646256275
1146 0.08421379802310991
1147 0.08488818264714082
1148 0.0820801053310074
1149 0.08275517249716335
1150 0.07995382773079784
1151 0.07715734641020688
1152 0.07436571588115237
1153 0.07504512803932295
1154 0.07572336372622424
1155 0.07640042599498198
1156 0.07707631788816727
1157 0.07775104243784092
1158 0.0749733515870834
1159 0.07564872572055181
1160 0.07287763064793307
1161 0.07355364589385571
1162 0.07422849860281211
1163 0.07490219177103175
1164 0.07557472838445589
1165 0.07281557968636454
1166 0.07348875172297475
1167 0.07416077106774122
1168 0.07483164067881232
1169 0.0755013635042241
1170 0.07275405862199147
1171 0.07342441125662313
1172 0.07409362092001093
1173 0.0747616905328643
1174 0.07542862300595177
1175 0.07609442124013865
1176 0.07675908812643462
1177 0.07402704080749034
1178 0.07129962800477863
1179 0.07196666844410515
1180 0.07263257926372102
1181 0.07329736333068082
1182 0.07396102350234557
1183 0.0712451842480446
1184 0.06853392868868768
1185 0.06582724522976857
1186 0.06312512231585155
1187 0.06042754843040887
1188 0.05773451209565694
1189 0.05504600187239195
1190 0.055720528610038844
1191 0.05639392359141482
1192 0.053713297793274606
1193 0.05438724590769439
1194 0.05171278574075089
1195 0.05238727952057465
1196 0.05306064632666452
1197 0.05373288898115858
1198 0.05440401029677888
1199 0.05507401307687365
1200 0.055742900115452354
1201 0.05641067419722834
1202 0.057077338097654806
1203 0.05774289458296433
1204 0.05840734641020706
1205 0.05575394674188194
1206 0.05641894541600623
1207 0.05708284309894873
1208 0.05774564252269654
1209 0.05840734641020706
1210 0.059067957475442245
1211 0.05972747842340809
1212 0.06038591195019061
1213 0.061043260742990935
1214 0.06169952748016572
1215 0.06235471483125954
1216 0.06300882545704356
1217 0.06366186200955015
1218 0.061032448953274976
1219 0.061686034934797185
1220 0.06233855034141067
1221 0.06298999780136905
1222 0.06036973398175238
1223 0.06102172549517437
1224 0.05840734641020706
1225 0.055797232217710935
1226 0.05645135619015784
1227 0.05384708582388775
1228 0.05450173208962106
1229 0.05515531388988171
1230 0.05255844307958135
1231 0.05321254121540164
1232 0.053865578364789
1233 0.054517557107127246
1234 0.05516848001344554
1235 0.052582103691760196
1236 0.053233538811177095
1237 0.05388392153137023
1238 0.0545332544005217
1239 0.055181539958593984
1240 0.055828780737362305
1241 0.05647497926044842
1242 0.057120138043352586
1243 0.05776425959348641
1244 0.055194495004584176
1245 0.052628855238457284
1246 0.05006733037171429
1247 0.0507150387178994
1248 0.05136170990099931
1249 0.05200734641020688
1250 0.049454508680390585
1251 0.05010063714503099
1252 0.05074573427932094
1253 0.05138980255055792
1254 0.05203284441817502
1255 0.05267486233377383
1256 0.05331585874115374
1257 0.053955836076343466
1258 0.05459479676763346
1259 0.0552327432356039
1260 0.05586967789315711
1261 0.056505603145547756
1262 0.05714052139041259
1263 0.057774435017801995
1264 0.05840734641020706
1265 0.05587970028066502
1266 0.056513108051880145
1267 0.057145516757210135
1268 0.05777692875851281
1269 0.05840734641020706
1270 0.059036772059302134
1271 0.059665208045426965
1272 0.06029265670085904
1273 0.06091912035055236
1274 0.06154460131216766
1275 0.062169101896100365
1276 0.06279262440550859
1277 0.06341517113634154
1278 0.06403674437736884
1279 0.0646573464102067
1280 0.06527697950934819
1281 0.065895645942188
1282 0.06651334796905317
1283 0.0640148230457207
1284 0.06152018687713312
1285 0.06213985029823155
1286 0.06275855076141124
1287 0.0633762905095856
1288 0.06399307177870961
1289 0.06150812160400543
1290 0.062125394434993986
1291 0.06274171173528442
1292 0.06335707572188509
1293 0.06088029849676024
1294 0.061496149499010055
1295 0.062111050113910604
1296 0.06272500253973678
1297 0.0602563448693747
1298 0.06087077982052236
1299 0.05840734641020706
1300 0.05594769998438043
1301 0.056564028437856795
1302 0.05410957204336109
1303 0.05472636481511506
1304 0.05227707821097338
1305 0.05289432956487783
1306 0.05351063638725373
1307 0.05412600084445751
1308 0.05168465733457683
1309 0.05230047618119915
1310 0.05291535556352489
1311 0.05048051714191404
1312 0.05109584602939954
1313 0.05171023834323574
1314 0.04928187112503579
1315 0.04989670811233449
1316 0.050510611406410444
1317 0.048088681766807806
1318 0.04567042449966863
1319 0.043255831258691924
1320 0.04084489372284894
1321 0.04146332220445803
1322 0.0390573842031019
1323 0.03967622858543329
1324 0.0402941388630369
1325 0.040911117149271536
1326 0.03851284754057627
1327 0.03913023797647197
1328 0.039746699307122046
1329 0.03735471483125963
1330 0.037971583825684
1331 0.035584523587384176
1332 0.03320104483481323
1333 0.030821139513655282
1334 0.03144105427537536
1335 0.03206004102098525
1336 0.03267810183279485
1337 0.030305702165065007
1338 0.027936846036793916
1339 0.02855660014155026
1340 0.029175429929968466
1341 0.029793337468329018
1342 0.027431918264265054
1343 0.02805020355306409
1344 0.028667569458534103
1345 0.02928401802982039
1346 0.02989955130998423
1347 0.030514171336022855
1348 0.03112788013889478
1349 0.02877771678057739
1350 0.026431032568607904
1351 0.027046399664644838
1352 0.0276608571271324
1353 0.02827440697150685
1354 0.028887051207254988
1355 0.029498791837935467
1356 0.030109630861201886
1357 0.030719570268822327
1358 0.03132861204670423
1359 0.031936758174912594
1360 0.032544010627693964
1361 0.03315037137349597
1362 0.03375584237499041
1363 0.03436042558909236
1364 0.03496412296698326
1365 0.03556693645413089
1366 0.036168867990309383
1367 0.033845942901435055
1368 0.03444825218084224
1369 0.03504968217663018
1370 0.03565023481283269
1371 0.03624991200787431
1372 0.03684871567459158
1373 0.037446647720250414
1374 0.03804371004657048
1375 0.038639904549741644
1376 0.036330367470482905
1377 0.0369269400241401
1378 0.03752264735291888
1379 0.038117491337743115
1380 0.03871147385408813
1381 0.0393045967720016
1382 0.03989686195612174
1383 0.040488271265698206
1384 0.04107882655461115
1385 0.04166852967139034
1386 0.042257382459233384
1387 0.039963542375624606
1388 0.04055277477593755
1389 0.04114115935984719
1390 0.03885306891200413
1391 0.039441829168827436
1392 0.037158243754069176
1393 0.03774737510461135
1394 0.03546827830984833
1395 0.03605777620963391
1396 0.036646430161101584
1397 0.03723424197530001
1398 0.03496202832586093
1399 0.03555020355306393
1400 0.036137539129692975
1401 0.033870969805356754
1402 0.034458665013200385
1403 0.03504552304838349
1404 0.035631545698463274
1405 0.036216734745910806
1406 0.03395816375206895
1407 0.03454371004657064
1408 0.035128425189483004
1409 0.03571231094921412
1410 0.03629536908915787
1411 0.0368776013677139
1412 0.03745900953830317
1413 0.03803959534938661
1414 0.035792505420807696
1415 0.03637344810512211
1416 0.03413070561980458
1417 0.034712000853084124
1418 0.0352924767837095
1419 0.03587213514260146
1420 0.03363605858473173
1421 0.034216066522724464
1422 0.034795259270361534
1423 0.0353736385450385
1424 0.03595120605932989
1425 0.03652796352100651
1426 0.03430082924132094
1427 0.03487793464550082
1428 0.03265507209250229
1429 0.033232521235381896
1430 0.03380916332145789
1431 0.03159170395210653
1432 0.03216868625668301
1433 0.029955463565018547
1434 0.030532781950276533
1435 0.031109296270931175
1436 0.03168500820561393
1437 0.02947827825999827
1438 0.03005432347761472
1439 0.03062956863242894
1440 0.031204015390081885
1441 0.03177766541159377
1442 0.03235052035338093
1443 0.032922581867270484
1444 0.0334938516005181
1445 0.034064331195822195
1446 0.03463402229134038
1447 0.035202926520704114
1448 0.03577104551303645
1449 0.03357976020331055
1450 0.031391495273060066
1451 0.031961065418471435
1452 0.029776926589147212
1453 0.030346823714195725
1454 0.03091593747549881
1455 0.03148426948712979
1456 0.02930645416586941
1457 0.02987511047056346
1458 0.030442987260104193
1459 0.03101008613623435
1460 0.031576408696312175
1461 0.03214195653332608
1462 0.02997262323864147
1463 0.027806253514031987
1464 0.028373216717374028
1465 0.028939406437491932
1466 0.029504824256151085
1467 0.030069471750806542
1468 0.030633350494618128
1469 0.031196462056465535
1470 0.03175880800096165
1471 0.03232038988846764
1472 0.032881209275108514
1473 0.033441267712785105
1474 0.03400056674919005
1475 0.03455910792782202
1476 0.0351168927879999
1477 0.03567392286487525
1478 0.03623019968944963
1479 0.034083022085882764
1480 0.0346396218997409
1481 0.032496415236118015
1482 0.033053334272648005
1483 0.033609502744438746
1484 0.03416492216778266
1485 0.03202780401451388
1486 0.032583540088754415
1487 0.033138529205905876
1488 0.03369277287091865
1489 0.034246272584703696
1490 0.034799029844143625
1491 0.03267008099465718
1492 0.030543984052537887
1493 0.031098109462415646
1494 0.031651493567397715
1495 0.03220413785405718
1496 0.032756043804996526
1497 0.033307212898858296
1498 0.033857646610340186
1499 0.03174067974354022
1500 0.029626533618734463
1501 0.030178318447490415
1502 0.030729369031630593
1503 0.03127968683573901
1504 0.03182927332050589
1505 0.03237812994274325
1506 0.03292625815539596
1507 0.0334736594075542
1508 0.03402033514446812
1509 0.03456628680755802
1510 0.03511151583442906
1511 0.035656023658884095
1512 0.036199811710933893
1513 0.03674288141681181
1514 0.03464497017258328
1515 0.03254982662128869
1516 0.033094228414161986
1517 0.03363791294512142
1518 0.03418088163074673
1519 0.03209155693652255
1520 0.032634828329996424
1521 0.033177385832020345
1522 0.031092835576326472
1523 0.029011020950889144
1524 0.029554887393813623
1525 0.027476809057651153
1526 0.028020967890233006
1527 0.025946613425913867
1528 0.02649106125651146
1529 0.027034797390598886
1530 0.02757782322274771
1531 0.028120140143888417
1532 0.026052486658086682
1533 0.026595090869137916
1534 0.024531124911835622
1535 0.025074013076873403
1536 0.025616194816192372
1537 0.02615767150773607
1538 0.024099354207477663
1539 0.024641112643973173
1540 0.025182167954658663
1541 0.025722521507482998
1542 0.02626217466684988
1543 0.026801128793626727
1544 0.027339385245158443
1545 0.027876945375278073
1546 0.028413810534317907
1547 0.02636600274095624
1548 0.02690315015455802
1549 0.027439604474722934
1550 0.027975367042057275
1551 0.02851043919371188
1552 0.02904482226339411
1553 0.027004515007375662
1554 0.024966831940753664
1555 0.025502462091441025
1556 0.026037404213675064
1557 0.024004265537292735
1558 0.024539482394812406
1559 0.025074013076873403
1560 0.025607858902199077
1561 0.02614102118613504
1562 0.026673501240661146
1563 0.027205300374401276
1564 0.027736419892634867
1565 0.025712582680960328
1566 0.02624397691435476
1567 0.026774693348982304
1568 0.024755338762023182
1569 0.025286327301926814
1570 0.02581663985387328
1571 0.026346277707916865
1572 0.026875242150830037
1573 0.02740353446611543
1574 0.027931155934016516
1575 0.02845810783152647
1576 0.028984391432401058
1577 0.029510008007164856
1578 0.02750170993142298
1579 0.025495954005143595
1580 0.026022779680288988
1581 0.026548939330560906
1582 0.027074434218166576
1583 0.027599265602126
1584 0.028123434738282604
1585 0.028646942879311688
1586 0.026649312383741908
1587 0.02717308948325492
1588 0.027696207329023892
1589 0.02821866716492405
1590 0.028740470231702897
1591 0.02674905495292057
1592 0.02727112544347765
1593 0.027792540889504114
1594 0.028313302523059747
1595 0.028833411573114365
1596 0.029352869265560688
1597 0.029871676823223225
1598 0.03038983546586671
1599 0.028407346410206813
1600 0.028925772393967097
1601 0.029443551154276992
1602 0.027465362629795376
1603 0.025489640674546177
1604 0.026008592516125972
1605 0.026526898091402185
1606 0.02455544846372293
1607 0.022586450887818632
1608 0.02310591695091535
1609 0.023624737714554644
1610 0.02165998452318041
1611 0.019697668990851902
1612 0.02021763779272412
1613 0.020736962271421078
1614 0.021255643623829368
1615 0.019298435519117696
1616 0.019817364963082618
1617 0.017863465075225626
1618 0.01591197889939755
1619 0.013962901965762331
1620 0.0144838424003364
1621 0.015004140491587936
1622 0.015523797426842734
1623 0.016042814390502258
1624 0.016561192564052973
1625 0.017078933126073892
1626 0.015137524652370171
1627 0.0156555036583641
1628 0.013717352548942241
1629 0.014235567269102578
1630 0.012300663393652655
1631 0.012819111116089132
1632 0.010887444389386491
1633 0.01140612241999861
1634 0.011924165982072132
1635 0.012441576239057728
1636 0.012958354351563006
1637 0.013474501477361844
1638 0.011549506263776266
1639 0.00962685860532897
1640 0.010144092296861196
1641 0.008224642390718628
1642 0.008742099909902379
1643 0.009258927918722737
1644 0.009775127565222252
1645 0.010290699994654151
1646 0.010805646349490328
1647 0.011319967769430228
1648 0.01183366539140751
1649 0.012346740349600704
1650 0.01285919377543987
1651 0.013371026797615926
1652 0.013882240542088198
1653 0.0143928361320933
1654 0.014902814688152688
1655 0.01299671839088301
1656 0.013506923959995643
1657 0.014016514082100695
1658 0.014525489870122588
1659 0.01503385243430344
1660 0.015541602882211514
1661 0.016048742318750975
1662 0.016555271846165898
1663 0.01706119256405314
1664 0.017566505569365898
1665 0.018071211956425248
1666 0.018575312816925482
1667 0.019078809239942984
1668 0.01958170231194467
1669 0.020083993116793764
1670 0.018191906553833626
1671 0.018694427749919917
1672 0.019196348203392777
1673 0.017308182730398247
1674 0.017810331484833686
1675 0.018311881016412013
1676 0.018812832397088197
1677 0.016929396469801627
1678 0.017430574522178333
1679 0.017931155934016285
1680 0.01605160577963005
1681 0.014174290524356703
1682 0.01467591444348093
1683 0.015176942609731903
1684 0.013303488843441347
1685 0.013804736683042051
1686 0.014305390275055618
1687 0.014805450675609677
1688 0.015304918938329859
1689 0.015803796114348678
1690 0.016302083252312194
1691 0.014435715204533128
1692 0.014934221779374202
1693 0.01543213979863678
1694 0.01592947030401204
1695 0.014067723768697249
1696 0.014565272161532583
1697 0.01506223451385802
1698 0.015558611860471583
1699 0.016054405233736357
